63
1 16 3 3 2 0.001
1 32 16 3 2 0.001
1 32 32 1 1 0.001
1 16 16 3 1 0.001
1 16 16 3 1 0.001
1 32 48 1 1 0.001
1 64 32 3 2 0.001
1 64 64 1 1 0.001
1 32 32 3 1 0.001
1 32 32 3 1 0.001
1 32 32 3 1 0.001
1 32 32 3 1 0.001
1 64 128 1 1 0.001
1 128 64 3 2 0.001
1 128 128 1 1 0.001
1 64 64 3 1 0.001
1 64 64 3 1 0.001
1 64 64 3 1 0.001
1 64 64 3 1 0.001
1 128 256 1 1 0.001
1 256 128 3 2 0.001
1 256 256 1 1 0.001
1 128 128 3 1 0.001
1 128 128 3 1 0.001
1 256 384 1 1 0.001
1 128 256 1 1 0.001
1 256 512 1 1 0.001
1 128 384 1 1 0.001
1 64 64 3 1 0.001
1 64 64 3 1 0.001
1 128 192 1 1 0.001
1 64 192 1 1 0.001
1 32 32 3 1 0.001
1 32 32 3 1 0.001
1 64 96 1 1 0.001
1 64 64 3 2 0.001
1 128 192 1 1 0.001
1 64 64 3 1 0.001
1 64 64 3 1 0.001
1 128 192 1 1 0.001
1 128 128 3 2 0.001
1 256 384 1 1 0.001
1 128 128 3 1 0.001
1 128 128 3 1 0.001
1 256 384 1 1 0.001
1 64 64 3 1 0.001
1 64 64 3 1 0.001
0 64 64 1 1 0
1 80 64 3 1 0.001
1 80 80 3 1 0.001
0 80 80 1 1 0
1 64 128 3 1 0.001
1 64 64 3 1 0.001
0 64 64 1 1 0
1 80 128 3 1 0.001
1 80 80 3 1 0.001
0 80 80 1 1 0
1 64 256 3 1 0.001
1 64 64 3 1 0.001
0 64 64 1 1 0
1 80 256 3 1 0.001
1 80 80 3 1 0.001
0 80 80 1 1 0
