103
1 64 3 3 2 0.001
1 128 64 3 2 0.001
1 128 128 1 1 0.001
1 64 64 3 1 0.001
1 64 64 3 1 0.001
1 64 64 3 1 0.001
1 64 64 3 1 0.001
1 64 64 3 1 0.001
1 64 64 3 1 0.001
1 128 320 1 1 0.001
1 256 128 3 2 0.001
1 256 256 1 1 0.001
1 128 128 3 1 0.001
1 128 128 3 1 0.001
1 128 128 3 1 0.001
1 128 128 3 1 0.001
1 128 128 3 1 0.001
1 128 128 3 1 0.001
1 128 128 3 1 0.001
1 128 128 3 1 0.001
1 128 128 3 1 0.001
1 128 128 3 1 0.001
1 128 128 3 1 0.001
1 128 128 3 1 0.001
1 256 1024 1 1 0.001
1 512 256 3 2 0.001
1 512 512 1 1 0.001
1 256 256 3 1 0.001
1 256 256 3 1 0.001
1 256 256 3 1 0.001
1 256 256 3 1 0.001
1 256 256 3 1 0.001
1 256 256 3 1 0.001
1 256 256 3 1 0.001
1 256 256 3 1 0.001
1 256 256 3 1 0.001
1 256 256 3 1 0.001
1 256 256 3 1 0.001
1 256 256 3 1 0.001
1 512 2048 1 1 0.001
1 512 512 3 2 0.001
1 512 512 1 1 0.001
1 256 256 3 1 0.001
1 256 256 3 1 0.001
1 256 256 3 1 0.001
1 256 256 3 1 0.001
1 256 256 3 1 0.001
1 256 256 3 1 0.001
1 512 1280 1 1 0.001
1 256 512 1 1 0.001
1 512 1024 1 1 0.001
1 512 1024 1 1 0.001
1 256 256 3 1 0.001
1 256 256 3 1 0.001
1 256 256 3 1 0.001
1 256 256 3 1 0.001
1 256 256 3 1 0.001
1 256 256 3 1 0.001
1 512 1280 1 1 0.001
1 256 768 1 1 0.001
1 128 128 3 1 0.001
1 128 128 3 1 0.001
1 128 128 3 1 0.001
1 128 128 3 1 0.001
1 128 128 3 1 0.001
1 128 128 3 1 0.001
1 256 640 1 1 0.001
1 256 256 3 2 0.001
1 512 768 1 1 0.001
1 256 256 3 1 0.001
1 256 256 3 1 0.001
1 256 256 3 1 0.001
1 256 256 3 1 0.001
1 256 256 3 1 0.001
1 256 256 3 1 0.001
1 512 1280 1 1 0.001
1 512 512 3 2 0.001
1 512 1024 1 1 0.001
1 256 256 3 1 0.001
1 256 256 3 1 0.001
1 256 256 3 1 0.001
1 256 256 3 1 0.001
1 256 256 3 1 0.001
1 256 256 3 1 0.001
1 512 1280 1 1 0.001
1 64 256 3 1 0.001
1 64 64 3 1 0.001
0 64 64 1 1 0
1 256 256 3 1 0.001
1 256 256 3 1 0.001
0 80 256 1 1 0
1 64 512 3 1 0.001
1 64 64 3 1 0.001
0 64 64 1 1 0
1 256 512 3 1 0.001
1 256 256 3 1 0.001
0 80 256 1 1 0
1 64 512 3 1 0.001
1 64 64 3 1 0.001
0 64 64 1 1 0
1 256 512 3 1 0.001
1 256 256 3 1 0.001
0 80 256 1 1 0
