83
1 48 3 3 2 0.001
1 96 48 3 2 0.001
1 96 96 1 1 0.001
1 48 48 3 1 0.001
1 48 48 3 1 0.001
1 48 48 3 1 0.001
1 48 48 3 1 0.001
1 96 192 1 1 0.001
1 192 96 3 2 0.001
1 192 192 1 1 0.001
1 96 96 3 1 0.001
1 96 96 3 1 0.001
1 96 96 3 1 0.001
1 96 96 3 1 0.001
1 96 96 3 1 0.001
1 96 96 3 1 0.001
1 96 96 3 1 0.001
1 96 96 3 1 0.001
1 192 576 1 1 0.001
1 384 192 3 2 0.001
1 384 384 1 1 0.001
1 192 192 3 1 0.001
1 192 192 3 1 0.001
1 192 192 3 1 0.001
1 192 192 3 1 0.001
1 192 192 3 1 0.001
1 192 192 3 1 0.001
1 192 192 3 1 0.001
1 192 192 3 1 0.001
1 384 1152 1 1 0.001
1 576 384 3 2 0.001
1 576 576 1 1 0.001
1 288 288 3 1 0.001
1 288 288 3 1 0.001
1 288 288 3 1 0.001
1 288 288 3 1 0.001
1 576 1152 1 1 0.001
1 288 576 1 1 0.001
1 576 1152 1 1 0.001
1 384 960 1 1 0.001
1 192 192 3 1 0.001
1 192 192 3 1 0.001
1 192 192 3 1 0.001
1 192 192 3 1 0.001
1 384 768 1 1 0.001
1 192 576 1 1 0.001
1 96 96 3 1 0.001
1 96 96 3 1 0.001
1 96 96 3 1 0.001
1 96 96 3 1 0.001
1 192 384 1 1 0.001
1 192 192 3 2 0.001
1 384 576 1 1 0.001
1 192 192 3 1 0.001
1 192 192 3 1 0.001
1 192 192 3 1 0.001
1 192 192 3 1 0.001
1 384 768 1 1 0.001
1 384 384 3 2 0.001
1 576 960 1 1 0.001
1 288 288 3 1 0.001
1 288 288 3 1 0.001
1 288 288 3 1 0.001
1 288 288 3 1 0.001
1 576 1152 1 1 0.001
1 64 192 3 1 0.001
1 64 64 3 1 0.001
0 64 64 1 1 0
1 192 192 3 1 0.001
1 192 192 3 1 0.001
0 80 192 1 1 0
1 64 384 3 1 0.001
1 64 64 3 1 0.001
0 64 64 1 1 0
1 192 384 3 1 0.001
1 192 192 3 1 0.001
0 80 192 1 1 0
1 64 576 3 1 0.001
1 64 64 3 1 0.001
0 64 64 1 1 0
1 192 576 3 1 0.001
1 192 192 3 1 0.001
0 80 192 1 1 0
