103
1 80 3 3 2 0.001
1 160 80 3 2 0.001
1 160 160 1 1 0.001
1 80 80 3 1 0.001
1 80 80 3 1 0.001
1 80 80 3 1 0.001
1 80 80 3 1 0.001
1 80 80 3 1 0.001
1 80 80 3 1 0.001
1 160 400 1 1 0.001
1 320 160 3 2 0.001
1 320 320 1 1 0.001
1 160 160 3 1 0.001
1 160 160 3 1 0.001
1 160 160 3 1 0.001
1 160 160 3 1 0.001
1 160 160 3 1 0.001
1 160 160 3 1 0.001
1 160 160 3 1 0.001
1 160 160 3 1 0.001
1 160 160 3 1 0.001
1 160 160 3 1 0.001
1 160 160 3 1 0.001
1 160 160 3 1 0.001
1 320 1280 1 1 0.001
1 640 320 3 2 0.001
1 640 640 1 1 0.001
1 320 320 3 1 0.001
1 320 320 3 1 0.001
1 320 320 3 1 0.001
1 320 320 3 1 0.001
1 320 320 3 1 0.001
1 320 320 3 1 0.001
1 320 320 3 1 0.001
1 320 320 3 1 0.001
1 320 320 3 1 0.001
1 320 320 3 1 0.001
1 320 320 3 1 0.001
1 320 320 3 1 0.001
1 640 2560 1 1 0.001
1 640 640 3 2 0.001
1 640 640 1 1 0.001
1 320 320 3 1 0.001
1 320 320 3 1 0.001
1 320 320 3 1 0.001
1 320 320 3 1 0.001
1 320 320 3 1 0.001
1 320 320 3 1 0.001
1 640 1600 1 1 0.001
1 320 640 1 1 0.001
1 640 1280 1 1 0.001
1 640 1280 1 1 0.001
1 320 320 3 1 0.001
1 320 320 3 1 0.001
1 320 320 3 1 0.001
1 320 320 3 1 0.001
1 320 320 3 1 0.001
1 320 320 3 1 0.001
1 640 1600 1 1 0.001
1 320 960 1 1 0.001
1 160 160 3 1 0.001
1 160 160 3 1 0.001
1 160 160 3 1 0.001
1 160 160 3 1 0.001
1 160 160 3 1 0.001
1 160 160 3 1 0.001
1 320 800 1 1 0.001
1 320 320 3 2 0.001
1 640 960 1 1 0.001
1 320 320 3 1 0.001
1 320 320 3 1 0.001
1 320 320 3 1 0.001
1 320 320 3 1 0.001
1 320 320 3 1 0.001
1 320 320 3 1 0.001
1 640 1600 1 1 0.001
1 640 640 3 2 0.001
1 640 1280 1 1 0.001
1 320 320 3 1 0.001
1 320 320 3 1 0.001
1 320 320 3 1 0.001
1 320 320 3 1 0.001
1 320 320 3 1 0.001
1 320 320 3 1 0.001
1 640 1600 1 1 0.001
1 80 320 3 1 0.001
1 80 80 3 1 0.001
0 64 80 1 1 0
1 320 320 3 1 0.001
1 320 320 3 1 0.001
0 80 320 1 1 0
1 80 640 3 1 0.001
1 80 80 3 1 0.001
0 64 80 1 1 0
1 320 640 3 1 0.001
1 320 320 3 1 0.001
0 80 320 1 1 0
1 80 640 3 1 0.001
1 80 80 3 1 0.001
0 64 80 1 1 0
1 320 640 3 1 0.001
1 320 320 3 1 0.001
0 80 320 1 1 0
