63
1 32 3 3 2 0.001
1 64 32 3 2 0.001
1 64 64 1 1 0.001
1 32 32 3 1 0.001
1 32 32 3 1 0.001
1 64 96 1 1 0.001
1 128 64 3 2 0.001
1 128 128 1 1 0.001
1 64 64 3 1 0.001
1 64 64 3 1 0.001
1 64 64 3 1 0.001
1 64 64 3 1 0.001
1 128 256 1 1 0.001
1 256 128 3 2 0.001
1 256 256 1 1 0.001
1 128 128 3 1 0.001
1 128 128 3 1 0.001
1 128 128 3 1 0.001
1 128 128 3 1 0.001
1 256 512 1 1 0.001
1 512 256 3 2 0.001
1 512 512 1 1 0.001
1 256 256 3 1 0.001
1 256 256 3 1 0.001
1 512 768 1 1 0.001
1 256 512 1 1 0.001
1 512 1024 1 1 0.001
1 256 768 1 1 0.001
1 128 128 3 1 0.001
1 128 128 3 1 0.001
1 256 384 1 1 0.001
1 128 384 1 1 0.001
1 64 64 3 1 0.001
1 64 64 3 1 0.001
1 128 192 1 1 0.001
1 128 128 3 2 0.001
1 256 384 1 1 0.001
1 128 128 3 1 0.001
1 128 128 3 1 0.001
1 256 384 1 1 0.001
1 256 256 3 2 0.001
1 512 768 1 1 0.001
1 256 256 3 1 0.001
1 256 256 3 1 0.001
1 512 768 1 1 0.001
1 64 128 3 1 0.001
1 64 64 3 1 0.001
0 64 64 1 1 0
1 128 128 3 1 0.001
1 128 128 3 1 0.001
0 80 128 1 1 0
1 64 256 3 1 0.001
1 64 64 3 1 0.001
0 64 64 1 1 0
1 128 256 3 1 0.001
1 128 128 3 1 0.001
0 80 128 1 1 0
1 64 512 3 1 0.001
1 64 64 3 1 0.001
0 64 64 1 1 0
1 128 512 3 1 0.001
1 128 128 3 1 0.001
0 80 128 1 1 0
